char2class:
    0,  0,  0,  0,  0,  0,  0,  0,    0,  0,  0,  0,  0,  0,  0,  0,
    0,  0,  0,  0,  0,  0,  0,  0,    0,  0,  0,  0,  0,  0,  0,  0,
    0,  0,  0,  0,  0,  0,  0,  0,    0,  0,  0,  0,  0,  0,  0,  0,
    0,  0,  0,  0,  0,  0,  0,  0,    0,  0,  0,  0,  0,  0,  0,  0,
    0,  0,  0,  0,  0,  0,  0,  0,    0,  0,  0,  0,  0,  0,  0,  0,
    0,  0,  0,  0,  0,  0,  0,  0,    0,  0,  0,  0,  0,  0,  0,  0,
    0,  0,  0,  0,  0,  0,  0,  0,    0,  0,  0,  0,  0,  0,  0,  0,
    0,  0,  0,  0,  0,  0,  0,  0,    0,  0,  0,  0,  0,  0,  0,  0,

    1,  1,  1,  1,  1,  1,  1,  1,    1,  1,  1,  1,  1,  1,  1,  1,
    2,  2,  2,  2,  2,  2,  2,  2,    2,  2,  2,  2,  2,  2,  2,  2,
    3,  3,  3,  3,  3,  3,  3,  3,    3,  3,  3,  3,  3,  3,  3,  3,
    3,  3,  3,  3,  3,  3,  3,  3,    3,  3,  3,  3,  3,  3,  3,  3,
    4,  4,  5,  5,  5,  5,  5,  5,    5,  5,  5,  5,  5,  5,  5,  5,
    5,  5,  5,  5,  5,  5,  5,  5,    5,  5,  5,  5,  5,  5,  5,  5,
    6,  7,  7,  7,  7,  7,  7,  7,    7,  7,  7,  7,  7,  8,  7,  7,
    9, 10, 10, 10, 11,  4,  4,  4,    4,  4,  4,  4,  4,  4,  4,  4,

transitions:
 cls \ state    0   1   2   3   4   5   6   7   8
   0            1,   ,   ,   ,   ,   ,   ,   ,   ,
   1             ,   ,  1,   ,  2,  2,   ,  5,  5,
   2             ,   ,  1,   ,  2,  2,  5,   ,  5,
   3             ,   ,  1,  2,   ,  2,  5,   ,  5,
   4             ,   ,   ,   ,   ,   ,   ,   ,   ,
   5            2,   ,   ,   ,   ,   ,   ,   ,   ,
   6            3,   ,   ,   ,   ,   ,   ,   ,   ,
   7            5,   ,   ,   ,   ,   ,   ,   ,   ,
   8            4,   ,   ,   ,   ,   ,   ,   ,   ,
   9            6,   ,   ,   ,   ,   ,   ,   ,   ,
  10            8,   ,   ,   ,   ,   ,   ,   ,   ,
  11            7,   ,   ,   ,   ,   ,   ,   ,   ,
